-969250963456.00000000000000000000000000000000000000000000000000
-1058290532352.00000000000000000000000000000000000000000000000000
-1154871328768.00000000000000000000000000000000000000000000000000
-1259570331648.00000000000000000000000000000000000000000000000000
-1372996894720.00000000000000000000000000000000000000000000000000
-1495811489792.00000000000000000000000000000000000000000000000000
-1628706963456.00000000000000000000000000000000000000000000000000
-1772422168576.00000000000000000000000000000000000000000000000000
-1927746420736.00000000000000000000000000000000000000000000000000
-2095513337856.00000000000000000000000000000000000000000000000000
-2276608704512.00000000000000000000000000000000000000000000000000
-2471973879808.00000000000000000000000000000000000000000000000000
-2682594525184.00000000000000000000000000000000000000000000000000
-2909535207424.00000000000000000000000000000000000000000000000000
-3153902436352.00000000000000000000000000000000000000000000000000
-3416867995648.00000000000000000000000000000000000000000000000000
-3699676545024.00000000000000000000000000000000000000000000000000
-4003632250880.00000000000000000000000000000000000000000000000000
-4330111631360.00000000000000000000000000000000000000000000000000
-4680566439936.00000000000000000000000000000000000000000000000000
-5056507674624.00000000000000000000000000000000000000000000000000
-5459545686016.00000000000000000000000000000000000000000000000000
-5891359244288.00000000000000000000000000000000000000000000000000
-6353696849920.00000000000000000000000000000000000000000000000000
-6848412385280.00000000000000000000000000000000000000000000000000
-7377421074432.00000000000000000000000000000000000000000000000000
-7942737231872.00000000000000000000000000000000000000000000000000
-8546454339584.00000000000000000000000000000000000000000000000000
-9190777028608.00000000000000000000000000000000000000000000000000
-9877977038848.00000000000000000000000000000000000000000000000000
-10610423103488.00000000000000000000000000000000000000000000000000
-11390585667584.00000000000000000000000000000000000000000000000000
-12221015916544.00000000000000000000000000000000000000000000000000
-13104362553344.00000000000000000000000000000000000000000000000000
-14043357118464.00000000000000000000000000000000000000000000000000
-15040855932928.00000000000000000000000000000000000000000000000000
-16099780329472.00000000000000000000000000000000000000000000000000
-17223141818368.00000000000000000000000000000000000000000000000000
-18414051524608.00000000000000000000000000000000000000000000000000
-19675689779200.00000000000000000000000000000000000000000000000000
-21011344916480.00000000000000000000000000000000000000000000000000
-22424351408128.00000000000000000000000000000000000000000000000000
-23918198915072.00000000000000000000000000000000000000000000000000
-25496312086528.00000000000000000000000000000000000000000000000000
-27162335772672.00000000000000000000000000000000000000000000000000
-28919879172096.00000000000000000000000000000000000000000000000000
-30772650049536.00000000000000000000000000000000000000000000000000
-32724368752640.00000000000000000000000000000000000000000000000000
-34778816446464.00000000000000000000000000000000000000000000000000
-36939881250816.00000000000000000000000000000000000000000000000000
-39211310776320.00000000000000000000000000000000000000000000000000
-41597018308608.00000000000000000000000000000000000000000000000000
-44100870995968.00000000000000000000000000000000000000000000000000
-46726702432256.00000000000000000000000000000000000000000000000000
-49478367182848.00000000000000000000000000000000000000000000000000
-52359652704256.00000000000000000000000000000000000000000000000000
-55374312898560.00000000000000000000000000000000000000000000000000
-58525988421632.00000000000000000000000000000000000000000000000000
-61818378649600.00000000000000000000000000000000000000000000000000
-65254981632000.00000000000000000000000000000000000000000000000000
-68839177977856.00000000000000000000000000000000000000000000000000
-72574235049984.00000000000000000000000000000000000000000000000000
-76463311159296.00000000000000000000000000000000000000000000000000
-80509321347072.00000000000000000000000000000000000000000000000000
-84714966745088.00000000000000000000000000000000000000000000000000
-89082965262336.00000000000000000000000000000000000000000000000000
-93615372107776.00000000000000000000000000000000000000000000000000
-98314452205568.00000000000000000000000000000000000000000000000000
-103181866500096.00000000000000000000000000000000000000000000000000
-108219108163584.00000000000000000000000000000000000000000000000000
-113427208994816.00000000000000000000000000000000000000000000000000
-118806915579904.00000000000000000000000000000000000000000000000000
-124358798344192.00000000000000000000000000000000000000000000000000
-130082521743360.00000000000000000000000000000000000000000000000000
-135977758621696.00000000000000000000000000000000000000000000000000
-142043544289280.00000000000000000000000000000000000000000000000000
-148278393962496.00000000000000000000000000000000000000000000000000
-154680344707072.00000000000000000000000000000000000000000000000000
-161246796054528.00000000000000000000000000000000000000000000000000
-167974778437632.00000000000000000000000000000000000000000000000000
-174860500205568.00000000000000000000000000000000000000000000000000
-181899599282176.00000000000000000000000000000000000000000000000000
-189087193497600.00000000000000000000000000000000000000000000000000
-196417528266752.00000000000000000000000000000000000000000000000000
-203884245024768.00000000000000000000000000000000000000000000000000
-211480213454848.00000000000000000000000000000000000000000000000000
-219197665705984.00000000000000000000000000000000000000000000000000
-227027995066368.00000000000000000000000000000000000000000000000000
-234961772740608.00000000000000000000000000000000000000000000000000
-242988731072512.00000000000000000000000000000000000000000000000000
-251097981648896.00000000000000000000000000000000000000000000000000
-259277662978048.00000000000000000000000000000000000000000000000000
-267515057930240.00000000000000000000000000000000000000000000000000
-275796644069376.00000000000000000000000000000000000000000000000000
-284108093652992.00000000000000000000000000000000000000000000000000
-292434156191744.00000000000000000000000000000000000000000000000000
-300758675226624.00000000000000000000000000000000000000000000000000
-309064839987200.00000000000000000000000000000000000000000000000000
-317334799515648.00000000000000000000000000000000000000000000000000
-325549964656640.00000000000000000000000000000000000000000000000000
-333690773176320.00000000000000000000000000000000000000000000000000
-341737159524352.00000000000000000000000000000000000000000000000000
-349668017963008.00000000000000000000000000000000000000000000000000
-357461571665920.00000000000000000000000000000000000000000000000000
-365095204945920.00000000000000000000000000000000000000000000000000
-372545832353792.00000000000000000000000000000000000000000000000000
-379789496025088.00000000000000000000000000000000000000000000000000
-386801701224448.00000000000000000000000000000000000000000000000000
-393557282127872.00000000000000000000000000000000000000000000000000
-400030703812608.00000000000000000000000000000000000000000000000000
-406195894484992.00000000000000000000000000000000000000000000000000
-412026279034880.00000000000000000000000000000000000000000000000000
-417494913253376.00000000000000000000000000000000000000000000000000
-422574752268288.00000000000000000000000000000000000000000000000000
-427238314999808.00000000000000000000000000000000000000000000000000
-431458053259264.00000000000000000000000000000000000000000000000000
-435206351749120.00000000000000000000000000000000000000000000000000
-438455628726272.00000000000000000000000000000000000000000000000000
-441178268893184.00000000000000000000000000000000000000000000000000
-443346925387776.00000000000000000000000000000000000000000000000000
-444934519783424.00000000000000000000000000000000000000000000000000
-445914309197824.00000000000000000000000000000000000000000000000000
-446260020510720.00000000000000000000000000000000000000000000000000
-445945883918336.00000000000000000000000000000000000000000000000000
-444946800705536.00000000000000000000000000000000000000000000000000
-443238477463552.00000000000000000000000000000000000000000000000000
-440797392535552.00000000000000000000000000000000000000000000000000
-437601030897664.00000000000000000000000000000000000000000000000000
-433627884158976.00000000000000000000000000000000000000000000000000
-428857685442560.00000000000000000000000000000000000000000000000000
-423271375831040.00000000000000000000000000000000000000000000000000
-416851272138752.00000000000000000000000000000000000000000000000000
-409581268238336.00000000000000000000000000000000000000000000000000
-401446633734144.00000000000000000000000000000000000000000000000000
-392434349506560.00000000000000000000000000000000000000000000000000
-382533342593024.00000000000000000000000000000000000000000000000000
-371734217752576.00000000000000000000000000000000000000000000000000
-360029559455744.00000000000000000000000000000000000000000000000000
-347414099656704.00000000000000000000000000000000000000000000000000
-333884516466688.00000000000000000000000000000000000000000000000000
-319439971024896.00000000000000000000000000000000000000000000000000
-304081302192128.00000000000000000000000000000000000000000000000000
-287812200955904.00000000000000000000000000000000000000000000000000
-270638589673472.00000000000000000000000000000000000000000000000000
-252568789843968.00000000000000000000000000000000000000000000000000
-233613622771712.00000000000000000000000000000000000000000000000000
-213786459897856.00000000000000000000000000000000000000000000000000
-193103524790272.00000000000000000000000000000000000000000000000000
-171582567743488.00000000000000000000000000000000000000000000000000
-149245030039552.00000000000000000000000000000000000000000000000000
-126114441723904.00000000000000000000000000000000000000000000000000
-102217067528192.00000000000000000000000000000000000000000000000000
-77581747486720.00000000000000000000000000000000000000000000000000
-52239678832640.00000000000000000000000000000000000000000000000000
-26224768319488.00000000000000000000000000000000000000000000000000
426254761984.00000000000000000000000000000000000000000000000000
27675435466752.00000000000000000000000000000000000000000000000000
55481351536640.00000000000000000000000000000000000000000000000000
83800541364224.00000000000000000000000000000000000000000000000000
112587484168192.00000000000000000000000000000000000000000000000000
141794436186112.00000000000000000000000000000000000000000000000000
171371644583936.00000000000000000000000000000000000000000000000000
201267049660416.00000000000000000000000000000000000000000000000000
231428004511744.00000000000000000000000000000000000000000000000000
261799060439040.00000000000000000000000000000000000000000000000000
292323460120576.00000000000000000000000000000000000000000000000000
322943221497856.00000000000000000000000000000000000000000000000000
353599020335104.00000000000000000000000000000000000000000000000000
384230391545856.00000000000000000000000000000000000000000000000000
414776131846144.00000000000000000000000000000000000000000000000000
445173628665856.00000000000000000000000000000000000000000000000000
475361074741248.00000000000000000000000000000000000000000000000000
505274951532544.00000000000000000000000000000000000000000000000000
534851975380992.00000000000000000000000000000000000000000000000000
564028728410112.00000000000000000000000000000000000000000000000000
592741994070016.00000000000000000000000000000000000000000000000000
620928924909568.00000000000000000000000000000000000000000000000000
648526774140928.00000000000000000000000000000000000000000000000000
675474606915584.00000000000000000000000000000000000000000000000000
701711354167296.00000000000000000000000000000000000000000000000000
727177356115968.00000000000000000000000000000000000000000000000000
751814295158784.00000000000000000000000000000000000000000000000000
775565262979072.00000000000000000000000000000000000000000000000000
798375096090624.00000000000000000000000000000000000000000000000000
820190375837696.00000000000000000000000000000000000000000000000000
840959495503872.00000000000000000000000000000000000000000000000000
860633868271616.00000000000000000000000000000000000000000000000000
879166383718400.00000000000000000000000000000000000000000000000000
896512682885120.00000000000000000000000000000000000000000000000000
912631091167232.00000000000000000000000000000000000000000000000000
927482752532480.00000000000000000000000000000000000000000000000000
941031629520896.00000000000000000000000000000000000000000000000000
953244704571392.00000000000000000000000000000000000000000000000000
964092584001536.00000000000000000000000000000000000000000000000000
973548558483456.00000000000000000000000000000000000000000000000000
981589408350208.00000000000000000000000000000000000000000000000000
988195403595776.00000000000000000000000000000000000000000000000000
993350370983936.00000000000000000000000000000000000000000000000000
997041559830528.00000000000000000000000000000000000000000000000000
999259977547776.00000000000000000000000000000000000000000000000000
999999986991104.00000000000000000000000000000000000000000000000000
999259910438912.00000000000000000000000000000000000000000000000000
997041559830528.00000000000000000000000000000000000000000000000000
993350303875072.00000000000000000000000000000000000000000000000000
988195336486912.00000000000000000000000000000000000000000000000000
981589274132480.00000000000000000000000000000000000000000000000000
973548424265728.00000000000000000000000000000000000000000000000000
964092449783808.00000000000000000000000000000000000000000000000000
953244704571392.00000000000000000000000000000000000000000000000000
941031428194304.00000000000000000000000000000000000000000000000000
927482551205888.00000000000000000000000000000000000000000000000000
912630889840640.00000000000000000000000000000000000000000000000000
896512414449664.00000000000000000000000000000000000000000000000000
879166115282944.00000000000000000000000000000000000000000000000000
860633599836160.00000000000000000000000000000000000000000000000000
840959495503872.00000000000000000000000000000000000000000000000000
820190107402240.00000000000000000000000000000000000000000000000000
798374760546304.00000000000000000000000000000000000000000000000000
775564927434752.00000000000000000000000000000000000000000000000000
751813959614464.00000000000000000000000000000000000000000000000000
727177020571648.00000000000000000000000000000000000000000000000000
701710951514112.00000000000000000000000000000000000000000000000000
675474204262400.00000000000000000000000000000000000000000000000000
648526774140928.00000000000000000000000000000000000000000000000000
620928522256384.00000000000000000000000000000000000000000000000000
592741591416832.00000000000000000000000000000000000000000000000000
564028258648064.00000000000000000000000000000000000000000000000000
534851539173376.00000000000000000000000000000000000000000000000000
505274515324928.00000000000000000000000000000000000000000000000000
475360604979200.00000000000000000000000000000000000000000000000000
445173628665856.00000000000000000000000000000000000000000000000000
414775662084096.00000000000000000000000000000000000000000000000000
384229955338240.00000000000000000000000000000000000000000000000000
353598550573056.00000000000000000000000000000000000000000000000000
322942751735808.00000000000000000000000000000000000000000000000000
292322990358528.00000000000000000000000000000000000000000000000000
261798624231424.00000000000000000000000000000000000000000000000000
231427585081344.00000000000000000000000000000000000000000000000000
201267049660416.00000000000000000000000000000000000000000000000000
171371191599104.00000000000000000000000000000000000000000000000000
141793999978496.00000000000000000000000000000000000000000000000000
112587073126400.00000000000000000000000000000000000000000000000000
83800147099648.00000000000000000000000000000000000000000000000000
55480932106240.00000000000000000000000000000000000000000000000000
27675034910720.00000000000000000000000000000000000000000000000000
426254761984.00000000000000000000000000000000000000000000000000
-26225168875520.00000000000000000000000000000000000000000000000000
-52240060514304.00000000000000000000000000000000000000000000000000
-77582108196864.00000000000000000000000000000000000000000000000000
-102217470181376.00000000000000000000000000000000000000000000000000
-126114441723904.00000000000000000000000000000000000000000000000000
-149245332029440.00000000000000000000000000000000000000000000000000
-171582567743488.00000000000000000000000000000000000000000000000000
-193103810002944.00000000000000000000000000000000000000000000000000
-213786778664960.00000000000000000000000000000000000000000000000000
-233614193197056.00000000000000000000000000000000000000000000000000
-252569058279424.00000000000000000000000000000000000000000000000000
-270638589673472.00000000000000000000000000000000000000000000000000
-287812469391360.00000000000000000000000000000000000000000000000000
-304081302192128.00000000000000000000000000000000000000000000000000
-319440205905920.00000000000000000000000000000000000000000000000000
-333884717793280.00000000000000000000000000000000000000000000000000
-347414468755456.00000000000000000000000000000000000000000000000000
-360029760782336.00000000000000000000000000000000000000000000000000
-371734217752576.00000000000000000000000000000000000000000000000000
-382533476810752.00000000000000000000000000000000000000000000000000
-392434349506560.00000000000000000000000000000000000000000000000000
-401446734397440.00000000000000000000000000000000000000000000000000
-409581268238336.00000000000000000000000000000000000000000000000000
-416851473465344.00000000000000000000000000000000000000000000000000
-423271442939904.00000000000000000000000000000000000000000000000000
-428857853214720.00000000000000000000000000000000000000000000000000
-433627951267840.00000000000000000000000000000000000000000000000000
-437601030897664.00000000000000000000000000000000000000000000000000
-440797426089984.00000000000000000000000000000000000000000000000000
-443238477463552.00000000000000000000000000000000000000000000000000
-444946834259968.00000000000000000000000000000000000000000000000000
-445945883918336.00000000000000000000000000000000000000000000000000
-446260020510720.00000000000000000000000000000000000000000000000000
-445914309197824.00000000000000000000000000000000000000000000000000
-444934519783424.00000000000000000000000000000000000000000000000000
-443346891833344.00000000000000000000000000000000000000000000000000
-441178235338752.00000000000000000000000000000000000000000000000000
-438455561617408.00000000000000000000000000000000000000000000000000
-435206351749120.00000000000000000000000000000000000000000000000000
-431457952595968.00000000000000000000000000000000000000000000000000
-427238247890944.00000000000000000000000000000000000000000000000000
-422574752268288.00000000000000000000000000000000000000000000000000
-417494846144512.00000000000000000000000000000000000000000000000000
-412026245480448.00000000000000000000000000000000000000000000000000
-406195760267264.00000000000000000000000000000000000000000000000000
-400030670258176.00000000000000000000000000000000000000000000000000
-393557147910144.00000000000000000000000000000000000000000000000000
-386801567006720.00000000000000000000000000000000000000000000000000
-379789496025088.00000000000000000000000000000000000000000000000000
-372545698136064.00000000000000000000000000000000000000000000000000
-365095204945920.00000000000000000000000000000000000000000000000000
-357461370339328.00000000000000000000000000000000000000000000000000
-349667950854144.00000000000000000000000000000000000000000000000000
-341736991752192.00000000000000000000000000000000000000000000000000
-333690739621888.00000000000000000000000000000000000000000000000000
-325549696221184.00000000000000000000000000000000000000000000000000
-317334665297920.00000000000000000000000000000000000000000000000000
-309064839987200.00000000000000000000000000000000000000000000000000
-300758574563328.00000000000000000000000000000000000000000000000000
-292434089082880.00000000000000000000000000000000000000000000000000
-284107892326400.00000000000000000000000000000000000000000000000000
-275796576960512.00000000000000000000000000000000000000000000000000
-267514856603648.00000000000000000000000000000000000000000000000000
-259277562314752.00000000000000000000000000000000000000000000000000
-251097981648896.00000000000000000000000000000000000000000000000000
-242988596854784.00000000000000000000000000000000000000000000000000
-234961705631744.00000000000000000000000000000000000000000000000000
-227027827294208.00000000000000000000000000000000000000000000000000
-219197598597120.00000000000000000000000000000000000000000000000000
-211480028905472.00000000000000000000000000000000000000000000000000
-203884127584256.00000000000000000000000000000000000000000000000000
-196417528266752.00000000000000000000000000000000000000000000000000
-189087076057088.00000000000000000000000000000000000000000000000000
-181899599282176.00000000000000000000000000000000000000000000000000
-174860365987840.00000000000000000000000000000000000000000000000000
-167974728105984.00000000000000000000000000000000000000000000000000
-161246645059584.00000000000000000000000000000000000000000000000000
-154680244043776.00000000000000000000000000000000000000000000000000
-148278393962496.00000000000000000000000000000000000000000000000000
-142043460403200.00000000000000000000000000000000000000000000000000
-135977758621696.00000000000000000000000000000000000000000000000000
-130082395914240.00000000000000000000000000000000000000000000000000
-124358714458112.00000000000000000000000000000000000000000000000000
-118806840082432.00000000000000000000000000000000000000000000000000
-113427133497344.00000000000000000000000000000000000000000000000000
-108218923614208.00000000000000000000000000000000000000000000000000
-103181799391232.00000000000000000000000000000000000000000000000000
-98314452205568.00000000000000000000000000000000000000000000000000
-93615304998912.00000000000000000000000000000000000000000000000000
-89082898153472.00000000000000000000000000000000000000000000000000
-84714882859008.00000000000000000000000000000000000000000000000000
-80509237460992.00000000000000000000000000000000000000000000000000
-76463176941568.00000000000000000000000000000000000000000000000000
-72574184718336.00000000000000000000000000000000000000000000000000
-68839177977856.00000000000000000000000000000000000000000000000000
-65254931300352.00000000000000000000000000000000000000000000000000
-61818378649600.00000000000000000000000000000000000000000000000000
-58525925507072.00000000000000000000000000000000000000000000000000
-55374249984000.00000000000000000000000000000000000000000000000000
-52359560429568.00000000000000000000000000000000000000000000000000
-49478333628416.00000000000000000000000000000000000000000000000000
-46726702432256.00000000000000000000000000000000000000000000000000
-44100837441536.00000000000000000000000000000000000000000000000000
-41597018308608.00000000000000000000000000000000000000000000000000
-39211264638976.00000000000000000000000000000000000000000000000000
-36939851890688.00000000000000000000000000000000000000000000000000
-34778778697728.00000000000000000000000000000000000000000000000000
-32724343586816.00000000000000000000000000000000000000000000000000
-30772650049536.00000000000000000000000000000000000000000000000000
-28919858200576.00000000000000000000000000000000000000000000000000
-27162335772672.00000000000000000000000000000000000000000000000000
-25496282726400.00000000000000000000000000000000000000000000000000
-23918173749248.00000000000000000000000000000000000000000000000000
-22424324145152.00000000000000000000000000000000000000000000000000
-21011328139264.00000000000000000000000000000000000000000000000000
-19675652030464.00000000000000000000000000000000000000000000000000
-18414030553088.00000000000000000000000000000000000000000000000000
-17223141818368.00000000000000000000000000000000000000000000000000
-16099767746560.00000000000000000000000000000000000000000000000000
-15040855932928.00000000000000000000000000000000000000000000000000
-14043341389824.00000000000000000000000000000000000000000000000000
-13104346824704.00000000000000000000000000000000000000000000000000
-12220986556416.00000000000000000000000000000000000000000000000000
-11390572036096.00000000000000000000000000000000000000000000000000
-10610423103488.00000000000000000000000000000000000000000000000000
-9877964455936.00000000000000000000000000000000000000000000000000
-9190777028608.00000000000000000000000000000000000000000000000000
-8546443853824.00000000000000000000000000000000000000000000000000
-7942727794688.00000000000000000000000000000000000000000000000000
-7377403248640.00000000000000000000000000000000000000000000000000
-6848403996672.00000000000000000000000000000000000000000000000000
-6353696849920.00000000000000000000000000000000000000000000000000
-5891349807104.00000000000000000000000000000000000000000000000000
-5459545686016.00000000000000000000000000000000000000000000000000
-5056499810304.00000000000000000000000000000000000000000000000000
-4680558575616.00000000000000000000000000000000000000000000000000
-4330101145600.00000000000000000000000000000000000000000000000000
-4003629105152.00000000000000000000000000000000000000000000000000
-3699676545024.00000000000000000000000000000000000000000000000000
-3416865112064.00000000000000000000000000000000000000000000000000
-3153902436352.00000000000000000000000000000000000000000000000000
-2909530488832.00000000000000000000000000000000000000000000000000
-2682594525184.00000000000000000000000000000000000000000000000000
-2471965753344.00000000000000000000000000000000000000000000000000
-2276606869504.00000000000000000000000000000000000000000000000000
-2095508226048.00000000000000000000000000000000000000000000000000
-1927744847872.00000000000000000000000000000000000000000000000000
-1772422168576.00000000000000000000000000000000000000000000000000
-1628704342016.00000000000000000000000000000000000000000000000000
-1495811489792.00000000000000000000000000000000000000000000000000
-1372995715072.00000000000000000000000000000000000000000000000000
-1259568234496.00000000000000000000000000000000000000000000000000
-1154868576256.00000000000000000000000000000000000000000000000000
-1058289680384.00000000000000000000000000000000000000000000000000
-969250963456.00000000000000000000000000000000000000000000000000
-887212277760.00000000000000000000000000000000000000000000000000
-811671945216.00000000000000000000000000000000000000000000000000
-742152798208.00000000000000000000000000000000000000000000000000
-678216531968.00000000000000000000000000000000000000000000000000
-619446534144.00000000000000000000000000000000000000000000000000
-565460205568.00000000000000000000000000000000000000000000000000
-515896541184.00000000000000000000000000000000000000000000000000
-470418063360.00000000000000000000000000000000000000000000000000
-428715638784.00000000000000000000000000000000000000000000000000
-390495764480.00000000000000000000000000000000000000000000000000
-355490037760.00000000000000000000000000000000000000000000000000
-323445161984.00000000000000000000000000000000000000000000000000
-294129434624.00000000000000000000000000000000000000000000000000
-267324620800.00000000000000000000000000000000000000000000000000
-242831392768.00000000000000000000000000000000000000000000000000
-220462579712.00000000000000000000000000000000000000000000000000
-200045084672.00000000000000000000000000000000000000000000000000
-181420752896.00000000000000000000000000000000000000000000000000
-164440883200.00000000000000000000000000000000000000000000000000
-148969996288.00000000000000000000000000000000000000000000000000
-134881378304.00000000000000000000000000000000000000000000000000
-122059644928.00000000000000000000000000000000000000000000000000
-110397153280.00000000000000000000000000000000000000000000000000
-99794837504.00000000000000000000000000000000000000000000000000
-90162479104.00000000000000000000000000000000000000000000000000
-81415815168.00000000000000000000000000000000000000000000000000
-73478324224.00000000000000000000000000000000000000000000000000
-66278899712.00000000000000000000000000000000000000000000000000
-59752939520.00000000000000000000000000000000000000000000000000
-53840695296.00000000000000000000000000000000000000000000000000
-48487272448.00000000000000000000000000000000000000000000000000
-43642912768.00000000000000000000000000000000000000000000000000
-39261396992.00000000000000000000000000000000000000000000000000
-35301027840.00000000000000000000000000000000000000000000000000
-31723057152.00000000000000000000000000000000000000000000000000
-28492634112.00000000000000000000000000000000000000000000000000
-25577496576.00000000000000000000000000000000000000000000000000
-22948313088.00000000000000000000000000000000000000000000000000
-20578490368.00000000000000000000000000000000000000000000000000
-18443522048.00000000000000000000000000000000000000000000000000
-16521299968.00000000000000000000000000000000000000000000000000
-14791494656.00000000000000000000000000000000000000000000000000
-13235823616.00000000000000000000000000000000000000000000000000
-11837427712.00000000000000000000000000000000000000000000000000
-10581201920.00000000000000000000000000000000000000000000000000
-9453275136.00000000000000000000000000000000000000000000000000
-8441077760.00000000000000000000000000000000000000000000000000
-7533292544.00000000000000000000000000000000000000000000000000
-6719558144.00000000000000000000000000000000000000000000000000
-5990576640.00000000000000000000000000000000000000000000000000
-5337815040.00000000000000000000000000000000000000000000000000
-4753696256.00000000000000000000000000000000000000000000000000
-4231265792.00000000000000000000000000000000000000000000000000
-3764265472.00000000000000000000000000000000000000000000000000
-3347038208.00000000000000000000000000000000000000000000000000
-2974463744.00000000000000000000000000000000000000000000000000
-2641989888.00000000000000000000000000000000000000000000000000
-2345444608.00000000000000000000000000000000000000000000000000
-2081086848.00000000000000000000000000000000000000000000000000
-1845555200.00000000000000000000000000000000000000000000000000
-1635809792.00000000000000000000000000000000000000000000000000
-1449148544.00000000000000000000000000000000000000000000000000
-1283111552.00000000000000000000000000000000000000000000000000
-1135502848.00000000000000000000000000000000000000000000000000
-1004341632.00000000000000000000000000000000000000000000000000
-887870144.00000000000000000000000000000000000000000000000000
-784494848.00000000000000000000000000000000000000000000000000
-692791680.00000000000000000000000000000000000000000000000000
-611488256.00000000000000000000000000000000000000000000000000
-539440448.00000000000000000000000000000000000000000000000000
-475635456.00000000000000000000000000000000000000000000000000
-419158336.00000000000000000000000000000000000000000000000000
-369193856.00000000000000000000000000000000000000000000000000
-325012768.00000000000000000000000000000000000000000000000000
-285972064.00000000000000000000000000000000000000000000000000
-251489376.00000000000000000000000000000000000000000000000000
-221048992.00000000000000000000000000000000000000000000000000
-194191936.00000000000000000000000000000000000000000000000000
-170507968.00000000000000000000000000000000000000000000000000
-149635424.00000000000000000000000000000000000000000000000000
-131249648.00000000000000000000000000000000000000000000000000
-115062880.00000000000000000000000000000000000000000000000000
-100819976.00000000000000000000000000000000000000000000000000
-88293440.00000000000000000000000000000000000000000000000000
-77283672.00000000000000000000000000000000000000000000000000
-67611648.00000000000000000000000000000000000000000000000000
-59119272.00000000000000000000000000000000000000000000000000
-51666320.00000000000000000000000000000000000000000000000000
-45129836.00000000000000000000000000000000000000000000000000
-39399872.00000000000000000000000000000000000000000000000000
-34379596.00000000000000000000000000000000000000000000000000
-29983406.00000000000000000000000000000000000000000000000000
-26135598.00000000000000000000000000000000000000000000000000
-22769952.00000000000000000000000000000000000000000000000000
-19827456.00000000000000000000000000000000000000000000000000
-17256250.00000000000000000000000000000000000000000000000000
-15010711.00000000000000000000000000000000000000000000000000
-13050518.00000000000000000000000000000000000000000000000000
-11340516.00000000000000000000000000000000000000000000000000
-9849484.00000000000000000000000000000000000000000000000000
-8549984.00000000000000000000000000000000000000000000000000
-7418168.00000000000000000000000000000000000000000000000000
-6432845.00000000000000000000000000000000000000000000000000
-5575521.00000000000000000000000000000000000000000000000000
-4829954.00000000000000000000000000000000000000000000000000
-4181891.75000000000000000000000000000000000000000000000000
-3618949.50000000000000000000000000000000000000000000000000
-3130168.00000000000000000000000000000000000000000000000000
-2706007.75000000000000000000000000000000000000000000000000
-2338095.25000000000000000000000000000000000000000000000000
-2019182.25000000000000000000000000000000000000000000000000
-1742868.25000000000000000000000000000000000000000000000000
-1503592.25000000000000000000000000000000000000000000000000
-1296499.12500000000000000000000000000000000000000000000000
-1117342.75000000000000000000000000000000000000000000000000
-962456.50000000000000000000000000000000000000000000000000
-828613.18750000000000000000000000000000000000000000000000
-713016.18750000000000000000000000000000000000000000000000
-613224.12500000000000000000000000000000000000000000000000
-527132.62500000000000000000000000000000000000000000000000
-452895.00000000000000000000000000000000000000000000000000
-388912.12500000000000000000000000000000000000000000000000
-333796.53125000000000000000000000000000000000000000000000
-286342.81250000000000000000000000000000000000000000000000
-245510.60937500000000000000000000000000000000000000000000
-210393.51562500000000000000000000000000000000000000000000
-180206.73437500000000000000000000000000000000000000000000
-154271.71875000000000000000000000000000000000000000000000
-132000.40625000000000000000000000000000000000000000000000
-112887.43750000000000000000000000000000000000000000000000
-96492.32031250000000000000000000000000000000000000000000
-82436.11718750000000000000000000000000000000000000000000
-70390.71875000000000000000000000000000000000000000000000
-60075.14453125000000000000000000000000000000000000000000
-51244.97656250000000000000000000000000000000000000000000
-43690.35937500000000000000000000000000000000000000000000
-37230.41015625000000000000000000000000000000000000000000
-31709.06054687500000000000000000000000000000000000000000
-26992.92773437500000000000000000000000000000000000000000
-22966.53320312500000000000000000000000000000000000000000
-19530.68359375000000000000000000000000000000000000000000
-16600.21679687500000000000000000000000000000000000000000
-14102.39453125000000000000000000000000000000000000000000
-11974.25976562500000000000000000000000000000000000000000
-10162.08496093750000000000000000000000000000000000000000
-8619.76171875000000000000000000000000000000000000000000
-7307.71289062500000000000000000000000000000000000000000
-6192.27099609375000000000000000000000000000000000000000
-5244.40429687500000000000000000000000000000000000000000
-4439.36572265625000000000000000000000000000000000000000
-3755.98803710937500000000000000000000000000000000000000
-3176.14770507812500000000000000000000000000000000000000
-2684.48193359375000000000000000000000000000000000000000
-2267.76586914062500000000000000000000000000000000000000
-1914.76489257812500000000000000000000000000000000000000
-1615.86584472656250000000000000000000000000000000000000
-1362.94592285156250000000000000000000000000000000000000
-1149.02856445312500000000000000000000000000000000000000
-968.18945312500000000000000000000000000000000000000000
-815.39941406250000000000000000000000000000000000000000
-686.36206054687500000000000000000000000000000000000000
-577.45721435546875000000000000000000000000000000000000
-485.58346557617187500000000000000000000000000000000000
-408.12069702148437500000000000000000000000000000000000
-342.83956909179687500000000000000000000000000000000000
-287.85107421875000000000000000000000000000000000000000
-241.56201171875000000000000000000000000000000000000000
-202.61364746093750000000000000000000000000000000000000
-169.85818481445312500000000000000000000000000000000000
-142.32427978515625000000000000000000000000000000000000
-119.19432067871093750000000000000000000000000000000000
-99.77265930175781250000000000000000000000000000000000
-83.47318267822265625000000000000000000000000000000000
-69.80079650878906250000000000000000000000000000000000
-58.33761215209960937500000000000000000000000000000000
-48.73277664184570312500000000000000000000000000000000
-40.68864822387695312500000000000000000000000000000000
-33.95497894287109375000000000000000000000000000000000
-28.32100486755371093750000000000000000000000000000000
-23.61012268066406250000000000000000000000000000000000
-19.67286491394042968750000000000000000000000000000000
-16.38387870788574218750000000000000000000000000000000
-13.63779258728027343750000000000000000000000000000000
-11.34610176086425781250000000000000000000000000000000
-9.43482398986816406250000000000000000000000000000000
-7.84153032302856445312500000000000000000000000000000
-6.51397752761840820312500000000000000000000000000000
-5.40845489501953125000000000000000000000000000000000
-4.48821830749511718750000000000000000000000000000000
-3.72269868850708007812500000000000000000000000000000
-3.08619546890258789062500000000000000000000000000000
-2.55721688270568847656250000000000000000000000000000
-2.11781835556030273437500000000000000000000000000000
-1.75304520130157470703125000000000000000000000000000
-1.45036125183105468750000000000000000000000000000000
-1.19933652877807617187500000000000000000000000000000
-0.99125319719314575195312500000000000000000000000000
-0.81884896755218505859375000000000000000000000000000
-0.67609542608261108398437500000000000000000000000000
-0.55794650316238403320312500000000000000000000000000
-0.46020984649658203125000000000000000000000000000000
-0.37939798831939697265625000000000000000000000000000
-0.31262180209159851074218750000000000000000000000000
-0.25746840238571166992187500000000000000000000000000
-0.21193815767765045166015625000000000000000000000000
-0.17437061667442321777343750000000000000000000000000
-0.14338818192481994628906250000000000000000000000000
-0.11785246431827545166015625000000000000000000000000
-0.09681542962789535522460937500000000000000000000000
-0.07949341088533401489257812500000000000000000000000
-0.06523742526769638061523437500000000000000000000000
-0.05351043492555618286132812500000000000000000000000
-0.04386978968977928161621093750000000000000000000000
-0.03594775870442390441894531250000000000000000000000
-0.02944153174757957458496093750000000000000000000000
-0.02410036325454711914062500000000000000000000000000
-0.01971842534840106964111328125000000000000000000000
-0.01612501777708530426025390625000000000000000000000
-0.01317985262721776962280273437500000000000000000000
-0.01076713856309652328491210937500000000000000000000
-0.00879156682640314102172851562500000000000000000000
-0.00717493332922458648681640625000000000000000000000
-0.00585262198001146316528320312500000000000000000000
-0.00477158324792981147766113281250000000000000000000
-0.00388827617280185222625732421875000000000000000000
-0.00316683156415820121765136718750000000000000000000
-0.00257798354141414165496826171875000000000000000000
-0.00209756987169384956359863281250000000000000000000
-0.00170581624843180179595947265625000000000000000000
-0.00138651498127728700637817382812500000000000000000
-0.00112642603926360607147216796875000000000000000000
-0.00091466499725356698036193847656250000000000000000
-0.00074233958730474114418029785156250000000000000000
-0.00060217519057914614677429199218750000000000000000
-0.00048822461394593119621276855468750000000000000000
-0.00039564204053021967411041259765625000000000000000
-0.00032045345869846642017364501953125000000000000000
-0.00025942415231838822364807128906250000000000000000
-0.00020990817574784159660339355468750000000000000000
-0.00016976082406472414731979370117187500000000000000
-0.00013722204312216490507125854492187500000000000000
-0.00011086469748988747596740722656250000000000000000
-0.00008952463394962251186370849609375000000000000000
-0.00007225511217257007956504821777343750000000000000
-0.00005828822031617164611816406250000000000000000000
-0.00004699747296399436891078948974609375000000000000
-0.00003787460809689946472644805908203125000000000000
-0.00003050738268939312547445297241210937500000000000
-0.00002456040056131314486265182495117187500000000000
-0.00001976304338313639163970947265625000000000000000
-0.00001589475323271472007036209106445312500000000000
-0.00001277714454772649332880973815917968750000000000
-0.00001026575228024739772081375122070312500000000000
-0.00000824392645881744101643562316894531250000000000
-0.00000661696913084597326815128326416015625000000000
-0.00000530840770807117223739624023437500000000000000
-0.00000425650068791583180427551269531250000000000000
-0.00000341126201419683638960123062133789062500000000
-0.00000273253340310475323349237442016601562500000000
-0.00000218774971472157631069421768188476562500000000
-0.00000175069942542904755100607872009277343750000000
-0.00000140023053063487168401479721069335937500000000
-0.00000111937504243542207404971122741699218750000000
-0.00000089440356987324776127934455871582031250000000
-0.00000071428792125516338273882865905761718750000000
-0.00000057015563470486085861921310424804687500000000
-0.00000045487362854146340396255254745483398437500000
-0.00000036272268744141911156475543975830078125000000
-0.00000028909502702845202293246984481811523437500000
-0.00000023029629403481521876528859138488769531250000
-0.00000018336514528982661431655287742614746093750000
-0.00000014592201580398977966979146003723144531250000
-0.00000011606817196252450230531394481658935546875000
-0.00000009227572661529848119243979454040527343750000
-0.00000007332334917009575292468070983886718750000000
-0.00000005823371651558773010037839412689208984375000
-0.00000004622676641474754433147609233856201171875000
-0.00000003667693349029832461383193731307983398437500
-0.00000002908548069058269902598112821578979492187500
-0.00000002305375090827510575763881206512451171875000
-0.00000001826338547061823192052543163299560546875000
-0.00000001446136810301368313957937061786651611328125
-0.00000001144510264339260174892842769622802734375000
-0.00000000905337760315205741790123283863067626953125
-0.00000000715779213678047199209686368703842163085938
-0.00000000565632651827741028682794421911239624023438
-0.00000000446757786320972627436276525259017944335938
-0.00000000352687834492826368659734725952148437500000
-0.00000000278286838018004800687776878476142883300781
-0.00000000219467044537680067151086404919624328613281
-0.00000000172995406888531988442991860210895538330078
-0.00000000136295696950838873817701824009418487548828
-0.00000000107327757792319289364968426525592803955078
-0.00000000084473944506058273873350117355585098266602
-0.00000000066452232605485050953575409948825836181641
-0.00000000052249854443076060306339059025049209594727
-0.00000000041062270250691312867274973541498184204102
-0.00000000032253977266805122781079262495040893554688
-0.00000000025322011154571555380243808031082153320312
