37327742463832490000.00000000000000000000
30343732565129560000.00000000000000000000
30334687982479475000.00000000000000000000
1326937528074240.00000000000000000000
266630227558400.00000000000000000000
227591776632832.00000000000000000000
191020364988416.00000000000000000000
174277324177408.00000000000000000000
151860010811392.00000000000000000000
138919861551104.00000000000000000000
113984439058432.00000000000000000000
99393512407040.00000000000000000000
59099928592384.00000000000000000000
48588012912640.00000000000000000000
40926386847744.00000000000000000000
36227843620864.00000000000000000000
33436844687360.00000000000000000000
31137911013376.00000000000000000000
29792778846208.00000000000000000000
28526434582528.00000000000000000000
27650397569024.00000000000000000000
26801615142912.00000000000000000000
26149667209216.00000000000000000000
25511373832192.00000000000000000000
24987649966080.00000000000000000000
24471672979456.00000000000000000000
24027848507392.00000000000000000000
23588570660864.00000000000000000000
23196979953664.00000000000000000000
22808457379840.00000000000000000000
22452243529728.00000000000000000000
22099162824704.00000000000000000000
21767932346368.00000000000000000000
21439998590976.00000000000000000000
21126763773952.00000000000000000000
20818253840384.00000000000000000000
20518577111040.00000000000000000000
20225263140864.00000000000000000000
19936709705728.00000000000000000000
19656209334272.00000000000000000000
19377038557184.00000000000000000000
19108504535040.00000000000000000000
18838118727680.00000000000000000000
1326937528074240.00000000000000000000
266630227558400.00000000000000000000
227591776632832.00000000000000000000
191020364988416.00000000000000000000
174277324177408.00000000000000000000
151860010811392.00000000000000000000
138919861551104.00000000000000000000
113984439058432.00000000000000000000
99393512407040.00000000000000000000
59099928592384.00000000000000000000
48588012912640.00000000000000000000
40926386847744.00000000000000000000
36227843620864.00000000000000000000
33436844687360.00000000000000000000
31137911013376.00000000000000000000
29792778846208.00000000000000000000
28526434582528.00000000000000000000
27650397569024.00000000000000000000
26801615142912.00000000000000000000
26149667209216.00000000000000000000
25511373832192.00000000000000000000
24987649966080.00000000000000000000
24471672979456.00000000000000000000
24027848507392.00000000000000000000
23588570660864.00000000000000000000
23196979953664.00000000000000000000
22808457379840.00000000000000000000
22452243529728.00000000000000000000
22099162824704.00000000000000000000
21767932346368.00000000000000000000
21439998590976.00000000000000000000
21126763773952.00000000000000000000
20818253840384.00000000000000000000
20518577111040.00000000000000000000
20225263140864.00000000000000000000
19936709705728.00000000000000000000
19656209334272.00000000000000000000
19377038557184.00000000000000000000
19108504535040.00000000000000000000
18838118727680.00000000000000000000
